           1    -1.0889875615E+00
           2    -1.1044367489E+00
           3    -1.1165058363E+00
           4    -1.1258066596E+00
           5    -1.1328365370E+00
           6    -1.1380001207E+00
           7    -1.1416267587E+00
           8    -1.1439844373E+00
           9    -1.1452910772E+00
           10   -1.1457237456E+00
           11   -1.1454262310E+00
           12   -1.1445152791E+00
           13   -1.1430857727E+00
           14   -1.1412150286E+00
           15   -1.1389663535E+00
           16   -1.1363919974E+00
           17   -1.1335355941E+00
           18   -1.1304341602E+00
           19   -1.1271197232E+00
           20   -1.1236205987E+00
           21   -1.1199623980E+00
