     0.00500    0.0000000000E+00
     0.01000    0.0000000000E+00
     0.01500    0.0000000000E+00
     0.02000    0.0000000000E+00
     0.02500    0.0000000000E+00
     0.03000    0.0000000000E+00
     0.03500    0.0000000000E+00
     0.04000    0.0000000000E+00
     0.04500    0.0000000000E+00
     0.05000    0.0000000000E+00
     0.05500    0.0000000000E+00
     0.06000    0.0000000000E+00
     0.06500    0.0000000000E+00
     0.07000    0.0000000000E+00
     0.07500    0.0000000000E+00
     0.08000    0.0000000000E+00
     0.08500    0.0000000000E+00
     0.09000    0.0000000000E+00
     0.09500    0.0000000000E+00
     0.10000    0.0000000000E+00
     0.10500    0.0000000000E+00
     0.11000    0.0000000000E+00
     0.11500    0.0000000000E+00
     0.12000    0.0000000000E+00
     0.12500    0.0000000000E+00
     0.13000    0.0000000000E+00
     0.13500    0.0000000000E+00
     0.14000    0.0000000000E+00
     0.14500    0.0000000000E+00
     0.15000    0.0000000000E+00
     0.15500    0.0000000000E+00
     0.16000    0.0000000000E+00
     0.16500    0.0000000000E+00
     0.17000    0.0000000000E+00
     0.17500    0.0000000000E+00
     0.18000    0.0000000000E+00
     0.18500    0.0000000000E+00
     0.19000    0.0000000000E+00
     0.19500    0.0000000000E+00
     0.20000    0.0000000000E+00
     0.20500    0.0000000000E+00
     0.21000    0.0000000000E+00
     0.21500    0.0000000000E+00
     0.22000    0.0000000000E+00
     0.22500    0.0000000000E+00
     0.23000    0.0000000000E+00
     0.23500    0.0000000000E+00
     0.24000    0.0000000000E+00
     0.24500    0.0000000000E+00
     0.25000    0.0000000000E+00
     0.25500    0.0000000000E+00
     0.26000    0.0000000000E+00
     0.26500    0.0000000000E+00
     0.27000    0.0000000000E+00
     0.27500    0.0000000000E+00
     0.28000    0.0000000000E+00
     0.28500    0.0000000000E+00
     0.29000    0.0000000000E+00
     0.29500    0.0000000000E+00
     0.30000    0.0000000000E+00
     0.30500    0.0000000000E+00
     0.31000    0.0000000000E+00
     0.31500    0.0000000000E+00
     0.32000    0.0000000000E+00
     0.32500    0.0000000000E+00
     0.33000    0.0000000000E+00
     0.33500    0.0000000000E+00
     0.34000    0.0000000000E+00
     0.34500    0.0000000000E+00
     0.35000    0.0000000000E+00
     0.35500    0.0000000000E+00
     0.36000    0.0000000000E+00
     0.36500    0.0000000000E+00
     0.37000    0.0000000000E+00
     0.37500    0.0000000000E+00
     0.38000    0.0000000000E+00
     0.38500    0.0000000000E+00
     0.39000    0.0000000000E+00
     0.39500    0.0000000000E+00
     0.40000    0.0000000000E+00
     0.40500    0.0000000000E+00
     0.41000    0.0000000000E+00
     0.41500    0.0000000000E+00
     0.42000    0.0000000000E+00
     0.42500    0.0000000000E+00
     0.43000    0.0000000000E+00
     0.43500    0.0000000000E+00
     0.44000    0.0000000000E+00
     0.44500    0.0000000000E+00
     0.45000    0.0000000000E+00
     0.45500    0.0000000000E+00
     0.46000    0.0000000000E+00
     0.46500    0.0000000000E+00
     0.47000    0.0000000000E+00
     0.47500    0.0000000000E+00
     0.48000    0.0000000000E+00
     0.48500    0.0000000000E+00
     0.49000    0.0000000000E+00
     0.49500    0.0000000000E+00
     0.50000    0.0000000000E+00
     0.50500    0.0000000000E+00
     0.51000    0.0000000000E+00
     0.51500    0.0000000000E+00
     0.52000    0.0000000000E+00
     0.52500    0.0000000000E+00
     0.53000    0.0000000000E+00
     0.53500    0.0000000000E+00
     0.54000    0.0000000000E+00
     0.54500    0.0000000000E+00
     0.55000    0.0000000000E+00
     0.55500    0.0000000000E+00
     0.56000    0.0000000000E+00
     0.56500    0.0000000000E+00
     0.57000    0.0000000000E+00
     0.57500    0.0000000000E+00
     0.58000    0.0000000000E+00
     0.58500    0.0000000000E+00
     0.59000    0.0000000000E+00
     0.59500    0.0000000000E+00
     0.60000    0.0000000000E+00
     0.60500    0.0000000000E+00
     0.61000    0.0000000000E+00
     0.61500    0.0000000000E+00
     0.62000    0.0000000000E+00
     0.62500    0.0000000000E+00
     0.63000    0.0000000000E+00
     0.63500    0.0000000000E+00
     0.64000    0.0000000000E+00
     0.64500    0.0000000000E+00
     0.65000    0.0000000000E+00
     0.65500    0.0000000000E+00
     0.66000    0.0000000000E+00
     0.66500    0.0000000000E+00
     0.67000    0.0000000000E+00
     0.67500    0.0000000000E+00
     0.68000    0.0000000000E+00
     0.68500    0.0000000000E+00
     0.69000    0.0000000000E+00
     0.69500    0.0000000000E+00
     0.70000    0.0000000000E+00
     0.70500    0.0000000000E+00
     0.71000    0.0000000000E+00
     0.71500    0.0000000000E+00
     0.72000    0.0000000000E+00
     0.72500    0.0000000000E+00
     0.73000    0.0000000000E+00
     0.73500    0.0000000000E+00
     0.74000    0.0000000000E+00
     0.74500    0.0000000000E+00
     0.75000    0.0000000000E+00
     0.75500    0.0000000000E+00
     0.76000    0.0000000000E+00
     0.76500    0.0000000000E+00
     0.77000    0.0000000000E+00
     0.77500    0.0000000000E+00
     0.78000    0.0000000000E+00
     0.78500    0.0000000000E+00
     0.79000    0.0000000000E+00
     0.79500    0.0000000000E+00
     0.80000    0.0000000000E+00
     0.80500    0.0000000000E+00
     0.81000    0.0000000000E+00
     0.81500    0.0000000000E+00
     0.82000    0.0000000000E+00
     0.82500    0.0000000000E+00
     0.83000    0.0000000000E+00
     0.83500    0.0000000000E+00
     0.84000    0.0000000000E+00
     0.84500    0.0000000000E+00
     0.85000    0.0000000000E+00
     0.85500    0.0000000000E+00
     0.86000    0.0000000000E+00
     0.86500    0.0000000000E+00
     0.87000    0.0000000000E+00
     0.87500    0.0000000000E+00
     0.88000    0.0000000000E+00
     0.88500    0.0000000000E+00
     0.89000    0.0000000000E+00
     0.89500    0.0000000000E+00
     0.90000    0.0000000000E+00
     0.90500    0.0000000000E+00
     0.91000    0.0000000000E+00
     0.91500    0.0000000000E+00
     0.92000    0.0000000000E+00
     0.92500    0.0000000000E+00
     0.93000    0.0000000000E+00
     0.93500    0.0000000000E+00
     0.94000    0.0000000000E+00
     0.94500    0.0000000000E+00
     0.95000    0.0000000000E+00
     0.95500    0.0000000000E+00
     0.96000    0.0000000000E+00
     0.96500    0.0000000000E+00
     0.97000    0.0000000000E+00
     0.97500    0.0000000000E+00
     0.98000    0.0000000000E+00
     0.98500    0.0000000000E+00
     0.99000    0.0000000000E+00
     0.99500    0.0000000000E+00
     1.00000    0.0000000000E+00
     1.00500    0.0000000000E+00
     1.01000    0.0000000000E+00
     1.01500    0.0000000000E+00
     1.02000    0.0000000000E+00
     1.02500    0.0000000000E+00
     1.03000    0.0000000000E+00
     1.03500    0.0000000000E+00
     1.04000    0.0000000000E+00
     1.04500    0.0000000000E+00
     1.05000    0.0000000000E+00
     1.05500    0.0000000000E+00
     1.06000    0.0000000000E+00
     1.06500    0.0000000000E+00
     1.07000    0.0000000000E+00
     1.07500    0.0000000000E+00
     1.08000    0.0000000000E+00
     1.08500    0.0000000000E+00
     1.09000    0.0000000000E+00
     1.09500    0.0000000000E+00
     1.10000    0.0000000000E+00
     1.10500    0.0000000000E+00
     1.11000    0.0000000000E+00
     1.11500    0.0000000000E+00
     1.12000    0.0000000000E+00
     1.12500    0.0000000000E+00
     1.13000    0.0000000000E+00
     1.13500    0.0000000000E+00
     1.14000    0.0000000000E+00
     1.14500    0.0000000000E+00
     1.15000    0.0000000000E+00
     1.15500    0.0000000000E+00
     1.16000    0.0000000000E+00
     1.16500    0.0000000000E+00
     1.17000    0.0000000000E+00
     1.17500    0.0000000000E+00
     1.18000    0.0000000000E+00
     1.18500    0.0000000000E+00
     1.19000    0.0000000000E+00
     1.19500    0.0000000000E+00
     1.20000    0.0000000000E+00
     1.20500    0.0000000000E+00
     1.21000    0.0000000000E+00
     1.21500    0.0000000000E+00
     1.22000    0.0000000000E+00
     1.22500    0.0000000000E+00
     1.23000    0.0000000000E+00
     1.23500    0.0000000000E+00
     1.24000    0.0000000000E+00
     1.24500    0.0000000000E+00
     1.25000    0.0000000000E+00
     1.25500    0.0000000000E+00
     1.26000    0.0000000000E+00
     1.26500    0.0000000000E+00
     1.27000    0.0000000000E+00
     1.27500    0.0000000000E+00
     1.28000    0.0000000000E+00
     1.28500    0.0000000000E+00
     1.29000    0.0000000000E+00
     1.29500    0.0000000000E+00
     1.30000    0.0000000000E+00
     1.30500    0.0000000000E+00
     1.31000    0.0000000000E+00
     1.31500    0.0000000000E+00
     1.32000    0.0000000000E+00
     1.32500    0.0000000000E+00
     1.33000    0.0000000000E+00
     1.33500    0.0000000000E+00
     1.34000    0.0000000000E+00
     1.34500    0.0000000000E+00
     1.35000    0.0000000000E+00
     1.35500    0.0000000000E+00
     1.36000    0.0000000000E+00
     1.36500    0.0000000000E+00
     1.37000    0.0000000000E+00
     1.37500    0.0000000000E+00
     1.38000    0.0000000000E+00
     1.38500    0.0000000000E+00
     1.39000    0.0000000000E+00
     1.39500    0.0000000000E+00
     1.40000    0.0000000000E+00
     1.40500    0.0000000000E+00
     1.41000    0.0000000000E+00
     1.41500    0.0000000000E+00
     1.42000    0.0000000000E+00
     1.42500    0.0000000000E+00
     1.43000    0.0000000000E+00
     1.43500    0.0000000000E+00
     1.44000    0.0000000000E+00
     1.44500    0.0000000000E+00
     1.45000    0.0000000000E+00
     1.45500    0.0000000000E+00
     1.46000    0.0000000000E+00
     1.46500    0.0000000000E+00
     1.47000    0.0000000000E+00
     1.47500    0.0000000000E+00
     1.48000    0.0000000000E+00
     1.48500    0.0000000000E+00
     1.49000    0.0000000000E+00
     1.49500    0.0000000000E+00
     1.50000    0.0000000000E+00
     1.50500    0.0000000000E+00
     1.51000    0.0000000000E+00
     1.51500    0.0000000000E+00
     1.52000    0.0000000000E+00
     1.52500    0.0000000000E+00
     1.53000    0.0000000000E+00
     1.53500    0.0000000000E+00
     1.54000    0.0000000000E+00
     1.54500    0.0000000000E+00
     1.55000    0.0000000000E+00
     1.55500    0.0000000000E+00
     1.56000    0.0000000000E+00
     1.56500    0.0000000000E+00
     1.57000    0.0000000000E+00
     1.57500    0.0000000000E+00
     1.58000    0.0000000000E+00
     1.58500    0.0000000000E+00
     1.59000    0.0000000000E+00
     1.59500    0.0000000000E+00
     1.60000    0.0000000000E+00
     1.60500    0.0000000000E+00
     1.61000    0.0000000000E+00
     1.61500    0.0000000000E+00
     1.62000    0.0000000000E+00
     1.62500    0.0000000000E+00
     1.63000    0.0000000000E+00
     1.63500    0.0000000000E+00
     1.64000    0.0000000000E+00
     1.64500    0.0000000000E+00
     1.65000    0.0000000000E+00
     1.65500    0.0000000000E+00
     1.66000    0.0000000000E+00
     1.66500    0.0000000000E+00
     1.67000    0.0000000000E+00
     1.67500    0.0000000000E+00
     1.68000    0.0000000000E+00
     1.68500    0.0000000000E+00
     1.69000    0.0000000000E+00
     1.69500    0.0000000000E+00
     1.70000    0.0000000000E+00
     1.70500    0.0000000000E+00
     1.71000    0.0000000000E+00
     1.71500    0.0000000000E+00
     1.72000    0.0000000000E+00
     1.72500    0.0000000000E+00
     1.73000    0.0000000000E+00
     1.73500    0.0000000000E+00
     1.74000    0.0000000000E+00
     1.74500    0.0000000000E+00
     1.75000    0.0000000000E+00
     1.75500    0.0000000000E+00
     1.76000    0.0000000000E+00
     1.76500    0.0000000000E+00
     1.77000    0.0000000000E+00
     1.77500    0.0000000000E+00
     1.78000    0.0000000000E+00
     1.78500    0.0000000000E+00
     1.79000    0.0000000000E+00
     1.79500    0.0000000000E+00
     1.80000    0.0000000000E+00
     1.80500    0.0000000000E+00
     1.81000    0.0000000000E+00
     1.81500    0.0000000000E+00
     1.82000    0.0000000000E+00
     1.82500    0.0000000000E+00
     1.83000    0.0000000000E+00
     1.83500    0.0000000000E+00
     1.84000    0.0000000000E+00
     1.84500    0.0000000000E+00
     1.85000    0.0000000000E+00
     1.85500    0.0000000000E+00
     1.86000    0.0000000000E+00
     1.86500    0.0000000000E+00
     1.87000    0.0000000000E+00
     1.87500    0.0000000000E+00
     1.88000    0.0000000000E+00
     1.88500    0.0000000000E+00
     1.89000    0.0000000000E+00
     1.89500    0.0000000000E+00
     1.90000    0.0000000000E+00
     1.90500    0.0000000000E+00
     1.91000    0.0000000000E+00
     1.91500    0.0000000000E+00
     1.92000    0.0000000000E+00
     1.92500    0.0000000000E+00
     1.93000    0.0000000000E+00
     1.93500    0.0000000000E+00
     1.94000    0.0000000000E+00
     1.94500    0.0000000000E+00
     1.95000    0.0000000000E+00
     1.95500    0.0000000000E+00
     1.96000    0.0000000000E+00
     1.96500    0.0000000000E+00
     1.97000    0.0000000000E+00
     1.97500    0.0000000000E+00
     1.98000    0.0000000000E+00
     1.98500    0.0000000000E+00
     1.99000    0.0000000000E+00
     1.99500    0.0000000000E+00
     2.00000    0.0000000000E+00
     2.00500    0.0000000000E+00
     2.01000    0.0000000000E+00
     2.01500    0.0000000000E+00
     2.02000    0.0000000000E+00
     2.02500    0.0000000000E+00
     2.03000    0.0000000000E+00
     2.03500    0.0000000000E+00
     2.04000    0.0000000000E+00
     2.04500    0.0000000000E+00
     2.05000    0.0000000000E+00
     2.05500    0.0000000000E+00
     2.06000    0.0000000000E+00
     2.06500    0.0000000000E+00
     2.07000    0.0000000000E+00
     2.07500    0.0000000000E+00
     2.08000    0.0000000000E+00
     2.08500    0.0000000000E+00
     2.09000    0.0000000000E+00
     2.09500    0.0000000000E+00
     2.10000    0.0000000000E+00
     2.10500    0.0000000000E+00
     2.11000    0.0000000000E+00
     2.11500    0.0000000000E+00
     2.12000    0.0000000000E+00
     2.12500    0.0000000000E+00
     2.13000    0.0000000000E+00
     2.13500    0.0000000000E+00
     2.14000    0.0000000000E+00
     2.14500    0.0000000000E+00
     2.15000    0.0000000000E+00
     2.15500    0.0000000000E+00
     2.16000    0.0000000000E+00
     2.16500    0.0000000000E+00
     2.17000    0.0000000000E+00
     2.17500    0.0000000000E+00
     2.18000    0.0000000000E+00
     2.18500    0.0000000000E+00
     2.19000    0.0000000000E+00
     2.19500    0.0000000000E+00
     2.20000    0.0000000000E+00
     2.20500    0.0000000000E+00
     2.21000    0.0000000000E+00
     2.21500    0.0000000000E+00
     2.22000    0.0000000000E+00
     2.22500    0.0000000000E+00
     2.23000    0.0000000000E+00
     2.23500    0.0000000000E+00
     2.24000    0.0000000000E+00
     2.24500    0.0000000000E+00
     2.25000    0.0000000000E+00
     2.25500    0.0000000000E+00
     2.26000    0.0000000000E+00
     2.26500    0.0000000000E+00
     2.27000    0.0000000000E+00
     2.27500    0.0000000000E+00
     2.28000    0.0000000000E+00
     2.28500    0.0000000000E+00
     2.29000    0.0000000000E+00
     2.29500    0.0000000000E+00
     2.30000    0.0000000000E+00
     2.30500    0.0000000000E+00
     2.31000    0.0000000000E+00
     2.31500    0.0000000000E+00
     2.32000    0.0000000000E+00
     2.32500    0.0000000000E+00
     2.33000    0.0000000000E+00
     2.33500    0.0000000000E+00
     2.34000    0.0000000000E+00
     2.34500    0.0000000000E+00
     2.35000    0.0000000000E+00
     2.35500    0.0000000000E+00
     2.36000    0.0000000000E+00
     2.36500    0.0000000000E+00
     2.37000    0.0000000000E+00
     2.37500    0.0000000000E+00
     2.38000    0.0000000000E+00
     2.38500    0.0000000000E+00
     2.39000    0.0000000000E+00
     2.39500    0.0000000000E+00
     2.40000    0.0000000000E+00
     2.40500    0.0000000000E+00
     2.41000    0.0000000000E+00
     2.41500    0.0000000000E+00
     2.42000    0.0000000000E+00
     2.42500    0.0000000000E+00
     2.43000    0.0000000000E+00
     2.43500    0.0000000000E+00
     2.44000    0.0000000000E+00
     2.44500    0.0000000000E+00
     2.45000    0.0000000000E+00
     2.45500    0.0000000000E+00
     2.46000    0.0000000000E+00
     2.46500    0.0000000000E+00
     2.47000    0.0000000000E+00
     2.47500    0.0000000000E+00
     2.48000    0.0000000000E+00
     2.48500    0.0000000000E+00
     2.49000    0.0000000000E+00
     2.49500    0.0000000000E+00
     2.50000    0.0000000000E+00
     2.50500    0.0000000000E+00
     2.51000    0.0000000000E+00
     2.51500    0.0000000000E+00
     2.52000    0.0000000000E+00
     2.52500    0.0000000000E+00
     2.53000    0.0000000000E+00
     2.53500    0.0000000000E+00
     2.54000    0.0000000000E+00
     2.54500    0.0000000000E+00
     2.55000    0.0000000000E+00
     2.55500    0.0000000000E+00
     2.56000    0.0000000000E+00
     2.56500    0.0000000000E+00
     2.57000    0.0000000000E+00
     2.57500    0.0000000000E+00
     2.58000    0.0000000000E+00
     2.58500    0.0000000000E+00
     2.59000    0.0000000000E+00
     2.59500    0.0000000000E+00
     2.60000    0.0000000000E+00
     2.60500    0.0000000000E+00
     2.61000    0.0000000000E+00
     2.61500    0.0000000000E+00
     2.62000    0.0000000000E+00
     2.62500    0.0000000000E+00
     2.63000    0.0000000000E+00
     2.63500    0.0000000000E+00
     2.64000    0.0000000000E+00
     2.64500    0.0000000000E+00
     2.65000    0.0000000000E+00
     2.65500    0.0000000000E+00
     2.66000    0.0000000000E+00
     2.66500    0.0000000000E+00
     2.67000    0.0000000000E+00
     2.67500    0.0000000000E+00
     2.68000    0.0000000000E+00
     2.68500    0.0000000000E+00
     2.69000    0.0000000000E+00
     2.69500    0.0000000000E+00
     2.70000    0.0000000000E+00
     2.70500    0.0000000000E+00
     2.71000    0.0000000000E+00
     2.71500    0.0000000000E+00
     2.72000    0.0000000000E+00
     2.72500    0.0000000000E+00
     2.73000    0.0000000000E+00
     2.73500    0.0000000000E+00
     2.74000    0.0000000000E+00
     2.74500    0.0000000000E+00
     2.75000    0.0000000000E+00
     2.75500    0.0000000000E+00
     2.76000    0.0000000000E+00
     2.76500    0.0000000000E+00
     2.77000    0.0000000000E+00
     2.77500    0.0000000000E+00
     2.78000    0.0000000000E+00
     2.78500    0.0000000000E+00
     2.79000    0.0000000000E+00
     2.79500    0.0000000000E+00
     2.80000    0.0000000000E+00
     2.80500    0.0000000000E+00
     2.81000    0.0000000000E+00
     2.81500    0.0000000000E+00
     2.82000    0.0000000000E+00
     2.82500    0.0000000000E+00
     2.83000    0.0000000000E+00
     2.83500    0.0000000000E+00
     2.84000    0.0000000000E+00
     2.84500    0.0000000000E+00
     2.85000    0.0000000000E+00
     2.85500    0.0000000000E+00
     2.86000    0.0000000000E+00
     2.86500    0.0000000000E+00
     2.87000    0.0000000000E+00
     2.87500    0.0000000000E+00
     2.88000    0.0000000000E+00
     2.88500    0.0000000000E+00
     2.89000    0.0000000000E+00
     2.89500    0.0000000000E+00
     2.90000    0.0000000000E+00
     2.90500    0.0000000000E+00
     2.91000    0.0000000000E+00
     2.91500    0.0000000000E+00
     2.92000    0.0000000000E+00
     2.92500    0.0000000000E+00
     2.93000    0.0000000000E+00
     2.93500    0.0000000000E+00
     2.94000    0.0000000000E+00
     2.94500    0.0000000000E+00
     2.95000    0.0000000000E+00
     2.95500    0.0000000000E+00
     2.96000    0.0000000000E+00
     2.96500    0.0000000000E+00
     2.97000    0.0000000000E+00
     2.97500    0.0000000000E+00
     2.98000    0.0000000000E+00
     2.98500    0.0000000000E+00
     2.99000    0.0000000000E+00
     2.99500    0.0000000000E+00
     3.00000    0.0000000000E+00
     3.00500    0.0000000000E+00
     3.01000    3.9622655225E-04
     3.01500    0.0000000000E+00
     3.02000    1.9680235647E-04
     3.02500    0.0000000000E+00
     3.03000    0.0000000000E+00
     3.03500    1.9486023983E-04
     3.04000    1.9421925264E-04
     3.04500    0.0000000000E+00
     3.05000    3.8589346049E-04
     3.05500    3.8463030762E-04
     3.06000    1.1501200400E-03
     3.06500    9.5530634311E-04
     3.07000    1.3330724374E-03
     3.07500    5.6945881943E-04
     3.08000    2.6488463324E-03
     3.08500    2.2630801083E-03
     3.09000    2.0677765434E-03
     3.09500    2.0610955250E-03
     3.10000    2.0544468341E-03
     3.10500    4.2818269125E-03
     3.11000    2.9690845142E-03
     3.11500    5.3641897198E-03
     3.12000    4.7938592136E-03
     3.12500    7.3515674983E-03
     3.13000    8.6104940908E-03
     3.13500    9.1308812951E-03
     3.14000    1.2560486862E-02
     3.14500    1.5786779088E-02
     3.15000    1.7002830597E-02
     3.15500    2.1456635458E-02
     3.16000    2.0849522955E-02
     3.16500    2.8129592181E-02
     3.17000    3.0362709617E-02
     3.17500    3.6498536555E-02
     3.18000    3.9933396608E-02
     3.18500    4.5115752719E-02
     3.19000    5.1147270561E-02
     3.19500    5.5558450194E-02
     3.20000    6.8880500780E-02
     3.20500    7.3208346510E-02
     3.21000    7.9076488310E-02
     3.21500    9.3936817864E-02
     3.22000    1.1078162075E-01
     3.22500    1.1630513676E-01
     3.23000    1.3297556488E-01
     3.23500    1.4371159297E-01
     3.24000    1.6566435528E-01
     3.24500    1.8424282169E-01
     3.25000    1.9506009006E-01
     3.25500    2.0631819499E-01
     3.26000    2.3236699247E-01
     3.26500    2.3872617631E-01
     3.27000    2.6787152265E-01
     3.27500    2.8730013928E-01
     3.28000    3.2162254239E-01
     3.28500    3.5290739742E-01
     3.29000    3.7620782519E-01
     3.29500    3.9853869550E-01
     3.30000    4.2930205860E-01
     3.30500    4.5954883093E-01
     3.31000    4.9730968067E-01
     3.31500    5.3598378916E-01
     3.32000    5.7377138907E-01
     3.32500    5.9249915737E-01
     3.33000    6.2179336581E-01
     3.33500    6.5671803756E-01
     3.34000    7.1153987384E-01
     3.34500    7.3539616367E-01
     3.35000    7.7541797568E-01
     3.35500    8.3369255002E-01
     3.36000    8.6729565526E-01
     3.36500    9.0148779961E-01
     3.37000    9.4100386854E-01
     3.37500    9.8910465664E-01
     3.38000    1.0241928323E+00
     3.38500    1.0650209577E+00
     3.39000    1.1157540635E+00
     3.39500    1.1717888282E+00
     3.40000    1.1948885721E+00
     3.40500    1.2834763705E+00
     3.41000    1.3224621946E+00
     3.41500    1.3625990984E+00
     3.42000    1.4218276917E+00
     3.42500    1.4439891311E+00
     3.43000    1.5085726037E+00
     3.43500    1.5367283295E+00
     3.44000    1.6023229182E+00
     3.44500    1.6480242829E+00
     3.45000    1.6730999574E+00
     3.45500    1.7235803587E+00
     3.46000    1.7857539360E+00
     3.46500    1.8104936456E+00
     3.47000    1.8777077046E+00
     3.47500    1.9146573319E+00
     3.48000    1.9586476780E+00
     3.48500    2.0165621688E+00
     3.49000    2.0022388137E+00
     3.49500    2.0696712420E+00
     3.50000    2.1094629288E+00
     3.50500    2.1718064387E+00
     3.51000    2.1817868165E+00
     3.51500    2.2095663701E+00
     3.52000    2.2205238910E+00
     3.52500    2.2987093617E+00
     3.53000    2.3018460695E+00
     3.53500    2.3445899741E+00
     3.54000    2.3806393548E+00
     3.54500    2.3909161706E+00
     3.55000    2.4667675041E+00
     3.55500    2.4795652006E+00
     3.56000    2.4791133100E+00
     3.56500    2.5040690395E+00
     3.57000    2.5606955989E+00
     3.57500    2.5385095585E+00
     3.58000    2.6012847906E+00
     3.58500    2.6370322069E+00
     3.59000    2.6786966033E+00
     3.59500    2.6754107942E+00
     3.60000    2.6765635998E+00
     3.60500    2.7216077364E+00
     3.61000    2.7446365282E+00
     3.61500    2.7257845756E+00
     3.62000    2.7601562517E+00
     3.62500    2.7735715233E+00
     3.63000    2.7889450781E+00
     3.63500    2.8002852112E+00
     3.64000    2.7864977179E+00
     3.64500    2.7877669482E+00
     3.65000    2.7996592345E+00
     3.65500    2.8129535312E+00
     3.66000    2.8477313359E+00
     3.66500    2.8180527278E+00
     3.67000    2.8414154584E+00
     3.67500    2.8401939641E+00
     3.68000    2.8237309766E+00
     3.68500    2.8327180426E+00
     3.69000    2.8573282429E+00
     3.69500    2.8365840372E+00
     3.70000    2.8447772568E+00
     3.70500    2.8318703372E+00
     3.71000    2.8282785962E+00
     3.71500    2.7892019485E+00
     3.72000    2.8417390106E+00
     3.72500    2.8011343633E+00
     3.73000    2.7905293371E+00
     3.73500    2.8125131572E+00
     3.74000    2.8098677512E+00
     3.74500    2.7753697477E+00
     3.75000    2.8061203651E+00
     3.75500    2.7632697547E+00
     3.76000    2.7361212617E+00
     3.76500    2.7407527153E+00
     3.77000    2.7549446721E+00
     3.77500    2.7647708104E+00
     3.78000    2.7310850828E+00
     3.78500    2.6764009631E+00
     3.79000    2.6928235114E+00
     3.79500    2.7158779199E+00
     3.80000    2.6833819562E+00
     3.80500    2.6628210274E+00
     3.81000    2.6192441615E+00
     3.81500    2.6260629925E+00
     3.82000    2.6354193136E+00
     3.82500    2.6454535626E+00
     3.83000    2.6239903973E+00
     3.83500    2.6087301693E+00
     3.84000    2.5462060253E+00
     3.84500    2.5842466001E+00
     3.85000    2.5544135750E+00
     3.85500    2.5246058827E+00
     3.86000    2.5020490662E+00
     3.86500    2.5041034428E+00
     3.87000    2.4559417847E+00
     3.87500    2.4429122722E+00
     3.88000    2.4416218750E+00
     3.88500    2.4429453362E+00
     3.89000    2.4095121667E+00
     3.89500    2.3938645542E+00
     3.90000    2.4017642591E+00
     3.90500    2.3993789853E+00
     3.91000    2.3646061818E+00
     3.91500    2.3434653164E+00
     3.92000    2.3196222863E+00
     3.92500    2.3146441505E+00
     3.93000    2.2701861686E+00
     3.93500    2.3086809654E+00
     3.94000    2.2888361583E+00
     3.94500    2.2494856919E+00
     3.95000    2.2226316349E+00
     3.95500    2.2057707777E+00
     3.96000    2.1647319985E+00
     3.96500    2.1905430460E+00
     3.97000    2.1878712819E+00
     3.97500    2.1443270881E+00
     3.98000    2.1245543890E+00
     3.98500    2.1213696904E+00
     3.99000    2.0842716099E+00
     3.99500    2.0923197093E+00
     4.00000    2.0549056692E+00
     4.00500    2.0474258289E+00
     4.01000    2.0390842747E+00
     4.01500    2.0436887020E+00
     4.02000    2.0094058440E+00
     4.02500    1.9844790376E+00
     4.03000    1.9633153325E+00
     4.03500    1.9604331959E+00
     4.04000    1.9400810973E+00
     4.04500    1.9071037557E+00
     4.05000    1.9104892256E+00
     4.05500    1.8961757917E+00
     4.06000    1.8940088407E+00
     4.06500    1.8442900516E+00
     4.07000    1.8458240045E+00
     4.07500    1.8397817537E+00
     4.08000    1.8130698712E+00
     4.08500    1.8179853916E+00
     4.09000    1.8009918439E+00
     4.09500    1.7642825201E+00
     4.10000    1.7643553278E+00
     4.10500    1.7363144324E+00
     4.11000    1.7487649597E+00
     4.11500    1.7349794637E+00
     4.12000    1.7285487387E+00
     4.12500    1.7106511782E+00
     4.13000    1.6717983668E+00
     4.13500    1.6927286337E+00
     4.14000    1.6460366180E+00
     4.14500    1.6252532373E+00
     4.15000    1.5894602560E+00
     4.15500    1.6222152234E+00
     4.16000    1.5778836952E+00
     4.16500    1.5870231123E+00
     4.17000    1.5673283837E+00
     4.17500    1.5618245346E+00
     4.18000    1.5628114597E+00
     4.18500    1.5367460789E+00
     4.19000    1.5345091110E+00
     4.19500    1.5078109165E+00
     4.20000    1.4949657125E+00
     4.20500    1.5140368420E+00
     4.21000    1.4833129548E+00
     4.21500    1.4575777328E+00
     4.22000    1.4803169257E+00
     4.22500    1.4417371454E+00
     4.23000    1.4251938197E+00
     4.23500    1.4462359027E+00
     4.24000    1.4373362876E+00
     4.24500    1.4006975838E+00
     4.25000    1.3948193788E+00
     4.25500    1.3822267118E+00
     4.26000    1.3593091388E+00
     4.26500    1.3637162974E+00
     4.27000    1.3413353481E+00
     4.27500    1.3448730047E+00
     4.28000    1.3244939458E+00
     4.28500    1.3281447975E+00
     4.29000    1.3017511128E+00
     4.29500    1.3296468035E+00
     4.30000    1.2906545732E+00
     4.30500    1.2821388398E+00
     4.31000    1.2767496125E+00
     4.31500    1.2625174128E+00
     4.32000    1.2490205901E+00
     4.32500    1.2644511108E+00
     4.33000    1.2331120089E+00
     4.33500    1.2309357213E+00
     4.34000    1.2260040570E+00
     4.34500    1.1808005503E+00
     4.35000    1.2021673371E+00
     4.35500    1.2037580686E+00
     4.36000    1.1799518661E+00
     4.36500    1.1994697769E+00
     4.37000    1.1814124771E+00
     4.37500    1.1566862363E+00
     4.38000    1.1545129666E+00
     4.38500    1.1572914907E+00
     4.39000    1.1458119955E+00
     4.39500    1.1368893794E+00
     4.40000    1.1358808364E+00
     4.40500    1.1134245911E+00
     4.41000    1.1182793750E+00
     4.41500    1.1097641586E+00
     4.42000    1.1051413533E+00
     4.42500    1.0840450474E+00
     4.43000    1.0837004917E+00
     4.43500    1.0721362908E+00
     4.44000    1.0507022756E+00
     4.44500    1.0652266746E+00
     4.45000    1.0487910476E+00
     4.45500    1.0314322369E+00
     4.46000    1.0478784278E+00
     4.46500    1.0128671313E+00
     4.47000    1.0305331102E+00
     4.47500    1.0258115107E+00
     4.48000    1.0108294045E+00
     4.48500    1.0057217347E+00
     4.49000    9.9840968585E-01
     4.49500    9.9166040071E-01
     4.50000    9.9503785342E-01
     4.50500    9.9618804343E-01
     4.51000    9.7660440972E-01
     4.51500    9.6036113718E-01
     4.52000    9.6051942384E-01
     4.52500    9.5883479377E-01
     4.53000    9.4054556813E-01
     4.53500    9.4728149070E-01
     4.54000    9.5024297082E-01
     4.54500    9.4945487333E-01
     4.55000    9.4182242116E-01
     4.55500    9.3119502314E-01
     4.56000    9.3234500540E-01
     4.56500    9.1351637839E-01
     4.57000    9.1606987073E-01
     4.57500    9.1801006507E-01
     4.58000    9.0138174160E-01
     4.58500    8.9702646610E-01
     4.59000    8.9277317394E-01
     4.59500    8.9100017610E-01
     4.60000    9.0144075672E-01
     4.60500    8.8569448236E-01
     4.61000    8.8352000661E-01
     4.61500    8.7554119965E-01
     4.62000    8.6751081623E-01
     4.62500    8.7871776433E-01
     4.63000    8.7046005514E-01
     4.63500    8.7008506649E-01
     4.64000    8.4979583530E-01
     4.64500    8.5461771929E-01
     4.65000    8.4199460235E-01
     4.65500    8.4755367911E-01
     4.66000    8.3309595773E-01
     4.66500    8.4392195890E-01
     4.67000    8.3356044633E-01
     4.67500    8.2997171607E-01
     4.68000    8.2647831983E-01
     4.68500    8.2381522103E-01
     4.69000    8.1480042962E-01
     4.69500    8.1070495353E-01
     4.70000    8.1628864297E-01
     4.70500    7.9794173608E-01
     4.71000    8.0303999630E-01
     4.71500    7.9584988621E-01
     4.72000    7.9392220556E-01
     4.72500    7.9473276893E-01
     4.73000    7.7292759138E-01
     4.73500    8.0713964621E-01
     4.74000    7.7366007037E-01
     4.74500    7.8143098890E-01
     4.75000    7.7270991894E-01
     4.75500    7.5870816269E-01
     4.76000    7.5568915672E-01
     4.76500    7.6224076134E-01
     4.77000    7.5772571404E-01
     4.77500    7.5488006528E-01
     4.78000    7.4474325860E-01
     4.78500    7.5830755746E-01
     4.79000    7.5140807020E-01
     4.79500    7.4406759574E-01
     4.80000    7.4033747329E-01
     4.80500    7.2892951133E-01
     4.81000    7.3431449764E-01
     4.81500    7.3511059955E-01
     4.82000    7.2632760300E-01
     4.82500    7.2089264122E-01
     4.83000    7.2778132148E-01
     4.83500    7.1177358459E-01
     4.84000    7.2209541681E-01
     4.84500    7.2480791669E-01
     4.85000    7.2140700107E-01
     4.85500    7.1908397866E-01
     4.86000    7.0719991627E-01
     4.86500    7.0263892327E-01
     4.87000    7.0641482954E-01
     4.87500    7.0806037736E-01
     4.88000    7.1120416577E-01
     4.88500    7.0553879299E-01
     4.89000    7.0057024280E-01
     4.89500    6.9404841097E-01
     4.90000    6.9838461927E-01
     4.90500    6.8861039028E-01
     4.91000    6.8497576463E-01
     4.91500    6.9160155114E-01
     4.92000    6.8826917786E-01
     4.92500    6.8709353513E-01
     4.93000    6.8141928658E-01
     4.93500    6.9042357644E-01
     4.94000    6.8726186360E-01
     4.94500    6.7655592924E-01
     4.95000    6.8917170741E-01
     4.95500    6.7397262692E-01
     4.96000    6.8026957845E-01
     4.96500    6.6048984953E-01
     4.97000    6.5843470839E-01
     4.97500    6.7117095244E-01
     4.98000    6.7423518587E-01
     4.98500    6.8558672904E-01
     4.99000    6.6562711589E-01
     4.99500    6.5933388844E-01
     5.00000    6.6232019463E-01
     5.00500    6.6400433850E-01
     5.01000    6.6753848380E-01
     5.01500    6.5158664064E-01
     5.02000    6.5391877362E-01
     5.02500    6.6036048227E-01
     5.03000    6.7258874228E-01
     5.03500    6.6262080294E-01
     5.04000    6.6201222583E-01
     5.04500    6.4702792605E-01
     5.05000    6.5580460427E-01
     5.05500    6.5647275339E-01
     5.06000    6.4746907952E-01
     5.06500    6.3815008278E-01
     5.07000    6.4889374051E-01
     5.07500    6.4113828471E-01
     5.08000    6.5071920498E-01
     5.08500    6.4506922778E-01
     5.09000    6.4601737208E-01
     5.09500    6.4143274520E-01
     5.10000    6.4914010527E-01
     5.10500    6.3809509483E-01
     5.11000    6.4419645357E-01
     5.11500    6.4293702777E-01
     5.12000    6.3237561290E-01
     5.12500    6.3107341896E-01
     5.13000    6.3325113055E-01
     5.13500    6.3392261806E-01
     5.14000    6.2535692631E-01
     5.14500    6.3003661998E-01
     5.15000    6.2617572220E-01
     5.15500    6.4055299088E-01
     5.16000    6.4139998242E-01
     5.16500    6.2933309566E-01
     5.17000    6.3080007286E-01
     5.17500    6.2810764804E-01
     5.18000    6.2716247497E-01
     5.18500    6.3109022841E-01
     5.19000    6.3173877359E-01
     5.19500    6.3351350156E-01
     5.20000    6.2758549623E-01
     5.20500    6.3458936752E-01
     5.21000    6.2213784272E-01
     5.21500    6.3103563161E-01
     5.22000    6.2442898866E-01
     5.22500    6.1870058255E-01
     5.23000    6.3050140316E-01
     5.23500    6.3479476581E-01
     5.24000    6.2868398046E-01
     5.24500    6.3452695201E-01
     5.25000    6.1652875604E-01
     5.25500    6.2224044837E-01
     5.26000    6.2222439585E-01
     5.26500    6.1916612634E-01
     5.27000    6.2761405099E-01
     5.27500    6.2049392283E-01
     5.28000    6.2240697498E-01
     5.28500    6.2912790450E-01
     5.29000    6.2659263225E-01
     5.29500    6.3417369606E-01
     5.30000    6.1362961126E-01
     5.30500    6.2598428013E-01
     5.31000    6.0578516044E-01
     5.31500    6.1226457519E-01
     5.32000    6.1624698123E-01
     5.32500    6.3166246871E-01
     5.33000    6.1526155461E-01
     5.33500    6.2236362948E-01
     5.34000    6.2144975386E-01
     5.34500    6.2392844058E-01
     5.35000    6.2783806366E-01
     5.35500    6.2410117394E-01
     5.36000    6.2930477128E-01
     5.36500    6.2937808290E-01
     5.37000    6.2770846797E-01
     5.37500    6.2250524994E-01
     5.38000    6.2308326739E-01
     5.38500    6.2458585019E-01
     5.39000    6.2299490033E-01
     5.39500    6.2264123924E-01
     5.40000    6.3071456893E-01
     5.40500    6.2623231217E-01
     5.41000    6.2697450359E-01
     5.41500    6.3248404115E-01
     5.42000    6.3253821291E-01
     5.42500    6.3423657764E-01
     5.43000    6.2893204452E-01
     5.43500    6.3196447453E-01
     5.44000    6.2795422326E-01
     5.44500    6.3648034521E-01
     5.45000    6.4763106858E-01
     5.45500    6.2372036356E-01
     5.46000    6.2865459205E-01
     5.46500    6.3711290394E-01
     5.47000    6.4290169276E-01
     5.47500    6.3706033466E-01
     5.48000    6.3989942717E-01
     5.48500    6.3694429266E-01
     5.49000    6.3179706298E-01
     5.49500    6.3735946939E-01
     5.50000    6.4450148128E-01
     5.50500    6.3735313497E-01
     5.51000    6.4098162289E-01
     5.51500    6.4754437985E-01
     5.52000    6.4495858769E-01
     5.52500    6.3638796594E-01
     5.53000    6.3775912032E-01
     5.53500    6.3918282460E-01
     5.54000    6.5222956558E-01
     5.54500    6.4382004012E-01
     5.55000    6.4481443209E-01
     5.55500    6.4022439568E-01
     5.56000    6.4557097640E-01
     5.56500    6.6033731652E-01
     5.57000    6.5585661109E-01
     5.57500    6.4325430089E-01
     5.58000    6.5010834354E-01
     5.58500    6.5871930782E-01
     5.59000    6.5771311054E-01
     5.59500    6.5648027900E-01
     5.60000    6.6142755623E-01
     5.60500    6.5899150635E-01
     5.61000    6.6243289218E-01
     5.61500    6.6608852172E-01
     5.62000    6.6053081512E-01
     5.62500    6.5963996189E-01
     5.63000    6.7057729189E-01
     5.63500    6.6594177006E-01
     5.64000    6.6870786484E-01
     5.64500    6.7084399425E-01
     5.65000    6.6167853718E-01
     5.65500    6.7806294357E-01
     5.66000    6.6622770369E-01
     5.66500    6.7930276912E-01
     5.67000    6.7855100953E-01
     5.67500    6.8843760008E-01
     5.68000    6.7393912729E-01
     5.68500    6.7919096153E-01
     5.69000    6.7971459487E-01
     5.69500    6.8156252187E-01
     5.70000    6.9643063110E-01
     5.70500    6.7944974584E-01
     5.71000    6.9723788929E-01
     5.71500    6.9316241777E-01
     5.72000    6.9556849461E-01
     5.72500    6.9676124773E-01
     5.73000    6.9396112305E-01
     5.73500    7.0131231193E-01
     5.74000    6.9105427817E-01
     5.74500    6.9925228837E-01
     5.75000    6.9255736211E-01
     5.75500    7.0158862075E-01
     5.76000    7.1172268636E-01
     5.76500    7.1777324916E-01
     5.77000    7.1830699588E-01
     5.77500    6.9867142364E-01
     5.78000    7.2204992607E-01
     5.78500    7.1597857572E-01
     5.79000    7.2105483910E-01
     5.79500    7.2109232070E-01
     5.80000    7.1713003135E-01
     5.80500    7.1844934125E-01
     5.81000    7.1769094500E-01
     5.81500    7.3030003248E-01
     5.82000    7.2565653010E-01
     5.82500    7.2937936434E-01
     5.83000    7.2775891784E-01
     5.83500    7.4089232073E-01
     5.84000    7.3015816951E-01
     5.84500    7.4240047760E-01
     5.85000    7.4736777970E-01
     5.85500    7.4509729805E-01
     5.86000    7.5484582956E-01
     5.86500    7.4328749626E-01
     5.87000    7.4920411424E-01
     5.87500    7.5452794019E-01
     5.88000    7.6289306789E-01
     5.88500    7.7511252488E-01
     5.89000    7.6976420023E-01
     5.89500    7.5287248269E-01
     5.90000    7.5252381583E-01
     5.90500    7.6575390544E-01
     5.91000    7.6189085009E-01
     5.91500    7.7444311028E-01
     5.92000    7.8270444454E-01
     5.92500    7.8179212467E-01
     5.93000    7.9985427251E-01
     5.93500    7.8104259215E-01
     5.94000    7.7200159039E-01
     5.94500    7.9130516581E-01
     5.95000    7.8475737236E-01
     5.95500    7.8060742426E-01
     5.96000    8.0913667817E-01
     5.96500    8.0132844698E-01
     5.97000    7.9440067669E-01
     5.97500    8.0241497789E-01
     5.98000    8.0322967028E-01
     5.98500    8.0143698805E-01
     5.99000    8.1004590997E-01
     5.99500    8.1767687771E-01
     6.00000    8.0958868334E-01
     6.00500    8.1207007342E-01
     6.01000    8.1176156884E-01
     6.01500    8.1611250130E-01
     6.02000    8.2297170381E-01
     6.02500    8.3909515923E-01
     6.03000    8.2926937415E-01
     6.03500    8.3956548074E-01
     6.04000    8.2608214838E-01
     6.04500    8.4523041914E-01
     6.05000    8.3197597179E-01
     6.05500    8.5325027394E-01
     6.06000    8.3606831794E-01
     6.06500    8.5229044854E-01
     6.07000    8.4616487827E-01
     6.07500    8.6338382316E-01
     6.08000    8.6453507259E-01
     6.08500    8.6374396544E-01
     6.09000    8.5657134880E-01
     6.09500    8.8070413263E-01
     6.10000    8.7901936993E-01
     6.10500    8.6771530621E-01
     6.11000    8.7422165742E-01
     6.11500    8.7029805734E-01
     6.12000    8.7160530492E-01
     6.12500    8.8877816168E-01
     6.13000    8.9114638702E-01
     6.13500    8.8230829983E-01
     6.14000    8.8072860301E-01
     6.14500    9.0365954388E-01
     6.15000    8.9469840163E-01
     6.15500    9.0167118056E-01
     6.16000    9.0039647858E-01
     6.16500    8.9912472475E-01
     6.17000    9.0949190375E-01
     6.17500    9.1164058339E-01
     6.18000    9.2185770316E-01
     6.18500    9.2032034919E-01
     6.19000    9.3900661991E-01
     6.19500    9.2674304422E-01
     6.20000    9.3182655548E-01
     6.20500    9.2678480741E-01
     6.21000    9.2868720104E-01
     6.21500    9.1948567162E-01
     6.22000    9.4067482071E-01
     6.22500    9.4069094269E-01
     6.23000    9.4823736089E-01
     6.23500    9.5594288875E-01
     6.24000    9.4708772985E-01
     6.24500    9.4699668378E-01
     6.25000    9.5158759004E-01
     6.25500    9.5607093169E-01
     6.26000    9.6699144595E-01
     6.26500    9.7198175785E-01
     6.27000    9.7198255969E-01
     6.27500    9.8464371554E-01
     6.28000    9.6897925312E-01
     6.28500    9.8705050111E-01
     6.29000    9.8366813408E-01
     6.29500    9.8635960208E-01
     6.30000    9.8456803018E-01
     6.30500    9.8760796218E-01
     6.31000    9.9631221771E-01
     6.31500    9.9977115691E-01
     6.32000    9.9316057961E-01
     6.32500    9.9441451528E-01
     6.33000    9.8783078142E-01
     6.33500    1.0029841376E+00
     6.34000    1.0047929465E+00
     6.34500    1.0072184443E+00
     6.35000    1.0131041336E+00
     6.35500    1.0173714585E+00
     6.36000    1.0125796584E+00
     6.36500    1.0182484099E+00
     6.37000    1.0127164240E+00
     6.37500    1.0256015308E+00
     6.38000    1.0227603836E+00
     6.38500    1.0418773433E+00
     6.39000    1.0425746263E+00
     6.39500    1.0442770357E+00
     6.40000    1.0311304573E+00
     6.40500    1.0345040288E+00
     6.41000    1.0447619370E+00
     6.41500    1.0497136342E+00
     6.42000    1.0331544986E+00
     6.42500    1.0547448683E+00
     6.43000    1.0551431494E+00
     6.43500    1.0459679133E+00
     6.44000    1.0424843997E+00
     6.44500    1.0576613340E+00
     6.45000    1.0545990367E+00
     6.45500    1.0643277362E+00
     6.46000    1.0570936758E+00
     6.46500    1.0849353834E+00
     6.47000    1.0695496335E+00
     6.47500    1.0818849456E+00
     6.48000    1.0828632710E+00
     6.48500    1.0840505031E+00
     6.49000    1.0793998075E+00
     6.49500    1.0926592621E+00
     6.50000    1.0908509114E+00
     6.50500    1.0974805102E+00
     6.51000    1.0944405858E+00
     6.51500    1.0941972167E+00
     6.52000    1.0944595315E+00
     6.52500    1.0944249105E+00
     6.53000    1.0873657088E+00
     6.53500    1.1140883546E+00
     6.54000    1.1151101589E+00
     6.54500    1.1102666244E+00
     6.55000    1.1010058037E+00
     6.55500    1.1300855910E+00
     6.56000    1.1246957308E+00
     6.56500    1.1251878332E+00
     6.57000    1.1237660378E+00
     6.57500    1.1257488200E+00
     6.58000    1.1340200158E+00
     6.58500    1.1260530680E+00
     6.59000    1.1369802046E+00
     6.59500    1.1284530754E+00
     6.60000    1.1311895066E+00
     6.60500    1.1227354531E+00
     6.61000    1.1415589518E+00
     6.61500    1.1448330472E+00
     6.62000    1.1507557557E+00
     6.62500    1.1509799674E+00
     6.63000    1.1384736122E+00
     6.63500    1.1475933269E+00
     6.64000    1.1519254346E+00
     6.64500    1.1543750195E+00
     6.65000    1.1518280852E+00
     6.65500    1.1531746063E+00
     6.66000    1.1554456717E+00
     6.66500    1.1506036397E+00
     6.67000    1.1550861370E+00
     6.67500    1.1618883136E+00
     6.68000    1.1644088946E+00
     6.68500    1.1777551787E+00
     6.69000    1.1737509019E+00
     6.69500    1.1650763229E+00
     6.70000    1.1685306954E+00
     6.70500    1.1806293417E+00
     6.71000    1.1729750872E+00
     6.71500    1.1828013768E+00
     6.72000    1.1931530741E+00
     6.72500    1.1763508257E+00
     6.73000    1.1862828138E+00
     6.73500    1.1824261353E+00
     6.74000    1.1846193409E+00
     6.74500    1.1879478343E+00
     6.75000    1.1969721539E+00
     6.75500    1.1910343447E+00
     6.76000    1.1847203710E+00
     6.76500    1.2055783691E+00
     6.77000    1.2014500281E+00
     6.77500    1.2082326736E+00
     6.78000    1.1994286605E+00
     6.78500    1.2005823998E+00
     6.79000    1.2041429922E+00
     6.79500    1.2220233126E+00
     6.80000    1.2096776076E+00
     6.80500    1.2198659010E+00
     6.81000    1.2002874234E+00
     6.81500    1.2018081210E+00
     6.82000    1.2041327114E+00
     6.82500    1.2075271418E+00
     6.83000    1.2063742323E+00
     6.83500    1.2175451023E+00
     6.84000    1.2240441810E+00
     6.84500    1.2258919080E+00
     6.85000    1.2243315892E+00
     6.85500    1.2254839922E+00
     6.86000    1.2250312822E+00
     6.86500    1.2267094169E+00
     6.87000    1.2242778973E+00
     6.87500    1.2200310409E+00
     6.88000    1.2247739056E+00
     6.88500    1.2374459332E+00
     6.89000    1.2252240990E+00
     6.89500    1.2368377127E+00
     6.90000    1.2342918885E+00
     6.90500    1.2225751166E+00
     6.91000    1.2334247575E+00
     6.91500    1.2424041405E+00
     6.92000    1.2458514536E+00
     6.92500    1.2342552300E+00
     6.93000    1.2285535210E+00
     6.93500    1.2400930754E+00
     6.94000    1.2436304046E+00
     6.94500    1.2381962172E+00
     6.95000    1.2443222884E+00
     6.95500    1.2410873865E+00
     6.96000    1.2388599936E+00
     6.96500    1.2428478898E+00
     6.97000    1.2394775229E+00
     6.97500    1.2420867584E+00
     6.98000    1.2471164773E+00
     6.98500    1.2559161684E+00
     6.99000    1.2440999865E+00
     6.99500    1.2326827931E+00
     7.00000    1.2462923297E+00
     7.00500    1.2465962033E+00
     7.01000    1.2487225450E+00
     7.01500    1.2481814324E+00
     7.02000    1.2567376318E+00
     7.02500    1.2628700070E+00
     7.03000    1.2583522560E+00
     7.03500    1.2619622840E+00
     7.04000    1.2493876007E+00
     7.04500    1.2543343914E+00
     7.05000    1.2516532185E+00
     7.05500    1.2530495355E+00
     7.06000    1.2585060239E+00
     7.06500    1.2581976621E+00
     7.07000    1.2505345156E+00
     7.07500    1.2451487114E+00
     7.08000    1.2418517535E+00
     7.08500    1.2546026273E+00
     7.09000    1.2555799044E+00
     7.09500    1.2485024619E+00
     7.10000    1.2551391114E+00
     7.10500    1.2579194220E+00
     7.11000    1.2579592912E+00
     7.11500    1.2614692188E+00
     7.12000    1.2541793299E+00
     7.12500    1.2604727661E+00
     7.13000    1.2486872057E+00
     7.13500    1.2587020057E+00
     7.14000    1.2450148341E+00
     7.14500    1.2455906291E+00
     7.15000    1.2505130837E+00
     7.15500    1.2542296264E+00
     7.16000    1.2422991434E+00
     7.16500    1.2493326690E+00
     7.17000    1.2528921432E+00
     7.17500    1.2526089142E+00
     7.18000    1.2399421847E+00
     7.18500    1.2565915284E+00
     7.19000    1.2383327322E+00
     7.19500    1.2423270625E+00
     7.20000    1.2531926857E+00
     7.20500    1.2492771481E+00
     7.21000    1.2339534364E+00
     7.21500    1.2383403196E+00
     7.22000    1.2414066880E+00
     7.22500    1.2365281109E+00
     7.23000    1.2337200992E+00
     7.23500    1.2374617345E+00
     7.24000    1.2429365444E+00
     7.24500    1.2382146787E+00
     7.25000    1.2370185252E+00
     7.25500    1.2374597664E+00
     7.26000    1.2434781091E+00
     7.26500    1.2283805711E+00
     7.27000    1.2309658081E+00
     7.27500    1.2278846343E+00
     7.28000    1.2313069971E+00
     7.28500    1.2338403158E+00
     7.29000    1.2209117996E+00
     7.29500    1.2302566019E+00
     7.30000    1.2214713068E+00
     7.30500    1.2283344380E+00
     7.31000    1.2242715207E+00
     7.31500    1.2327853535E+00
     7.32000    1.2089134884E+00
     7.32500    1.2228702220E+00
     7.33000    1.2058496991E+00
     7.33500    1.2176372707E+00
     7.34000    1.2181085067E+00
     7.34500    1.2221670513E+00
     7.35000    1.2066295922E+00
     7.35500    1.2088010331E+00
     7.36000    1.2102040953E+00
     7.36500    1.1928253894E+00
     7.37000    1.2186736909E+00
     7.37500    1.1955259831E+00
     7.38000    1.2051000302E+00
     7.38500    1.2020544142E+00
     7.39000    1.1964220144E+00
     7.39500    1.1937220630E+00
     7.40000    1.1961039064E+00
     7.40500    1.1797402532E+00
     7.41000    1.1853654454E+00
     7.41500    1.1947249271E+00
     7.42000    1.1858518099E+00
     7.42500    1.1868242205E+00
     7.43000    1.1859089968E+00
     7.43500    1.1867468167E+00
     7.44000    1.1769559258E+00
     7.44500    1.1946238793E+00
     7.45000    1.1884326875E+00
     7.45500    1.1870643953E+00
     7.46000    1.1850865049E+00
     7.46500    1.1743283122E+00
     7.47000    1.1606414673E+00
     7.47500    1.1674968007E+00
     7.48000    1.1734033507E+00
     7.48500    1.1667147177E+00
     7.49000    1.1592438167E+00
     7.49500    1.1610168720E+00
     7.50000    1.1561854094E+00
     7.50500    1.1586879754E+00
     7.51000    1.1646801026E+00
     7.51500    1.1555100823E+00
     7.52000    1.1455072860E+00
     7.52500    1.1503816562E+00
     7.53000    1.1502454019E+00
     7.53500    1.1362121935E+00
     7.54000    1.1334121156E+00
     7.54500    1.1374852031E+00
     7.55000    1.1400680226E+00
     7.55500    1.1414492203E+00
     7.56000    1.1220248688E+00
     7.56500    1.1253042194E+00
     7.57000    1.1337682388E+00
     7.57500    1.1396152021E+00
     7.58000    1.1293109537E+00
     7.58500    1.1321855102E+00
     7.59000    1.1278924632E+00
     7.59500    1.1252572608E+00
     7.60000    1.1149910908E+00
     7.60500    1.1152921666E+00
     7.61000    1.1147554909E+00
     7.61500    1.1060558044E+00
     7.62000    1.1086188970E+00
     7.62500    1.1031247855E+00
     7.63000    1.1052210918E+00
     7.63500    1.0982981784E+00
     7.64000    1.0990724616E+00
     7.64500    1.0897807713E+00
     7.65000    1.1050242709E+00
     7.65500    1.0932380158E+00
     7.66000    1.0891215478E+00
     7.66500    1.1005495465E+00
     7.67000    1.0913422295E+00
     7.67500    1.0795400922E+00
     7.68000    1.0867074705E+00
     7.68500    1.0777030940E+00
     7.69000    1.0798189854E+00
     7.69500    1.0703303195E+00
     7.70000    1.0719645844E+00
     7.70500    1.0680966154E+00
     7.71000    1.0693355977E+00
     7.71500    1.0793068701E+00
     7.72000    1.0682510399E+00
     7.72500    1.0546388393E+00
     7.73000    1.0620370274E+00
     7.73500    1.0575171624E+00
     7.74000    1.0473211695E+00
     7.74500    1.0561622620E+00
     7.75000    1.0590685858E+00
     7.75500    1.0571960643E+00
     7.76000    1.0627121908E+00
     7.76500    1.0471285113E+00
     7.77000    1.0390388644E+00
     7.77500    1.0419145129E+00
     7.78000    1.0382349893E+00
     7.78500    1.0346232305E+00
     7.79000    1.0384364474E+00
     7.79500    1.0398782177E+00
     7.80000    1.0217458275E+00
     7.80500    1.0387744565E+00
     7.81000    1.0338873803E+00
     7.81500    1.0242264041E+00
     7.82000    1.0209227766E+00
     7.82500    1.0220486736E+00
     7.83000    1.0126127584E+00
     7.83500    1.0146210093E+00
     7.84000    1.0235663054E+00
     7.84500    1.0185322818E+00
     7.85000    1.0021911550E+00
     7.85500    1.0143995457E+00
     7.86000    1.0165047598E+00
     7.86500    1.0020232260E+00
     7.87000    1.0128511848E+00
     7.87500    1.0013007595E+00
     7.88000    1.0039573088E+00
     7.88500    1.0018188560E+00
     7.89000    9.9403952012E-01
     7.89500    1.0046900136E+00
     7.90000    9.8517428594E-01
     7.90500    1.0018619649E+00
     7.91000    9.8838706448E-01
     7.91500    9.9226162045E-01
     7.92000    9.7683026183E-01
     7.92500    9.8282072282E-01
     7.93000    9.8517406861E-01
     7.93500    9.8031584745E-01
     7.94000    9.8829634236E-01
     7.94500    9.7569001166E-01
     7.95000    9.7483154252E-01
     7.95500    9.7590121492E-01
     7.96000    9.7201509962E-01
     7.96500    9.6875976971E-01
     7.97000    9.7417785111E-01
     7.97500    9.7185679852E-01
     7.98000    9.7258178765E-01
     7.98500    9.6672363829E-01
     7.99000    9.5776174953E-01
     7.99500    9.5835910910E-01
     8.00000    9.6705104118E-01
     8.00500    9.5918334729E-01
     8.01000    9.6701265799E-01
     8.01500    9.6371276504E-01
     8.02000    9.6805866252E-01
     8.02500    9.5546485067E-01
     8.03000    9.4287384694E-01
     8.03500    9.4747718046E-01
     8.04000    9.5001568458E-01
     8.04500    9.5265796159E-01
     8.05000    9.4829253166E-01
     8.05500    9.3653095942E-01
     8.06000    9.3972996249E-01
     8.06500    9.4675208888E-01
     8.07000    9.3440068684E-01
     8.07500    9.3835825234E-01
     8.08000    9.4359613501E-01
     8.08500    9.3562628101E-01
     8.09000    9.3967510829E-01
     8.09500    9.3813122090E-01
     8.10000    9.2522158602E-01
     8.10500    9.3109491626E-01
     8.11000    9.2822935465E-01
     8.11500    9.3002613273E-01
     8.12000    9.3257922546E-01
     8.12500    9.2124606882E-01
     8.13000    9.1818686745E-01
     8.13500    9.2133906787E-01
     8.14000    9.1631042670E-01
     8.14500    9.2794251044E-01
     8.15000    9.1122807466E-01
     8.15500    9.1469413544E-01
     8.16000    9.1106884486E-01
     8.16500    9.2098014831E-01
     8.17000    9.2374794146E-01
     8.17500    9.1000803957E-01
     8.18000    9.1682742802E-01
     8.18500    9.0939096666E-01
     8.19000    9.0330855291E-01
     8.19500    9.0832031326E-01
     8.20000    9.0273267510E-01
     8.20500    8.9968818856E-01
     8.21000    9.0130567824E-01
     8.21500    9.0392818244E-01
     8.22000    9.1017915393E-01
     8.22500    8.9802024108E-01
     8.23000    9.0097932417E-01
     8.23500    8.8997024065E-01
     8.24000    8.9161019429E-01
     8.24500    8.9717552085E-01
     8.25000    8.9935468008E-01
     8.25500    8.9800209363E-01
     8.26000    8.9562719722E-01
     8.26500    8.8929389008E-01
     8.27000    8.9123347457E-01
     8.27500    8.8787836707E-01
     8.28000    8.9109519128E-01
     8.28500    8.8482141435E-01
     8.29000    8.8521513102E-01
     8.29500    8.9003724572E-01
     8.30000    8.7852793537E-01
     8.30500    8.8147349444E-01
     8.31000    8.8625482511E-01
     8.31500    8.8256968862E-01
     8.32000    8.7397132286E-01
     8.32500    8.8179534285E-01
     8.33000    8.7388911686E-01
     8.33500    8.8179644518E-01
     8.34000    8.7643417035E-01
     8.34500    8.8534814159E-01
     8.35000    8.8284772006E-01
     8.35500    8.7819504828E-01
     8.36000    8.8471280191E-01
     8.36500    8.7276482362E-01
     8.37000    8.8131973883E-01
     8.37500    8.7735321660E-01
     8.38000    8.7316573924E-01
     8.38500    8.7875497000E-01
     8.39000    8.6741697559E-01
     8.39500    8.7231158324E-01
     8.40000    8.8219992441E-01
     8.40500    8.7340912266E-01
     8.41000    8.7809985963E-01
     8.41500    8.7376468279E-01
     8.42000    8.6807349289E-01
     8.42500    8.7151425615E-01
     8.43000    8.6379432633E-01
     8.43500    8.6521473211E-01
     8.44000    8.6356032588E-01
     8.44500    8.6972808475E-01
     8.45000    8.6822170696E-01
     8.45500    8.7459389267E-01
     8.46000    8.6416562767E-01
     8.46500    8.6171848678E-01
     8.47000    8.6667438237E-01
     8.47500    8.7024500185E-01
     8.48000    8.6368345604E-01
     8.48500    8.6448358718E-01
     8.49000    8.6090321192E-01
     8.49500    8.7596504915E-01
     8.50000    8.6498304037E-01
     8.50500    8.7167490358E-01
     8.51000    8.5755346465E-01
     8.51500    8.6589400468E-01
     8.52000    8.5969065408E-01
     8.52500    8.6827932852E-01
     8.53000    8.6161832743E-01
     8.53500    8.5674450614E-01
     8.54000    8.6351003098E-01
     8.54500    8.6483229209E-01
     8.55000    8.6063226626E-01
     8.55500    8.5685794185E-01
     8.56000    8.6407880414E-01
     8.56500    8.6551408217E-01
     8.57000    8.6120842685E-01
     8.57500    8.6447135052E-01
     8.58000    8.6080901994E-01
     8.58500    8.5980633042E-01
     8.59000    8.6645962883E-01
     8.59500    8.6270892061E-01
     8.60000    8.6490580347E-01
     8.60500    8.5641840329E-01
     8.61000    8.5433533773E-01
     8.61500    8.5822363105E-01
     8.62000    8.6318818994E-01
     8.62500    8.5322133740E-01
     8.63000    8.6188649053E-01
     8.63500    8.6067194078E-01
     8.64000    8.6284625558E-01
     8.64500    8.6681427960E-01
     8.65000    8.6300849496E-01
     8.65500    8.5471106083E-01
     8.66000    8.6202010777E-01
     8.66500    8.6592072343E-01
     8.67000    8.6318072283E-01
     8.67500    8.5994613476E-01
     8.68000    8.5405308027E-01
     8.68500    8.5383036535E-01
     8.69000    8.5688412836E-01
     8.69500    8.6042833132E-01
     8.70000    8.5261707021E-01
     8.70500    8.6680444352E-01
     8.71000    8.6280773802E-01
     8.71500    8.7036341590E-01
     8.72000    8.6073506965E-01
     8.72500    8.6653176578E-01
     8.73000    8.6400999547E-01
     8.73500    8.6795563038E-01
     8.74000    8.6339479911E-01
     8.74500    8.6615872689E-01
     8.75000    8.7029745769E-01
     8.75500    8.6960749142E-01
     8.76000    8.6405862674E-01
     8.76500    8.6921078805E-01
     8.77000    8.5943117189E-01
     8.77500    8.7205026134E-01
     8.78000    8.5928819697E-01
     8.78500    8.7582707200E-01
     8.79000    8.7633905056E-01
     8.79500    8.7225979932E-01
     8.80000    8.6756412336E-01
     8.80500    8.6768889430E-01
     8.81000    8.6547968213E-01
     8.81500    8.6742827913E-01
     8.82000    8.7278301021E-01
     8.82500    8.7867757476E-01
     8.83000    8.7483098504E-01
     8.83500    8.7944543291E-01
     8.84000    8.6594619551E-01
     8.84500    8.7411141207E-01
     8.85000    8.7065137980E-01
     8.85500    8.6440893482E-01
     8.86000    8.8065491903E-01
     8.86500    8.7133419320E-01
     8.87000    8.6522436302E-01
     8.87500    8.8043407978E-01
     8.88000    8.7901058677E-01
     8.88500    8.7572736018E-01
     8.89000    8.8084493226E-01
     8.89500    8.7770187735E-01
     8.90000    8.7619508052E-01
     8.90500    8.8427776130E-01
     8.91000    8.9150611527E-01
     8.91500    8.8233963913E-01
     8.92000    8.8391934714E-01
     8.92500    8.8495475058E-01
     8.93000    8.9372162620E-01
     8.93500    8.7947092256E-01
     8.94000    8.9356233735E-01
     8.94500    8.9397510223E-01
     8.95000    8.8769382121E-01
     8.95500    8.8460087073E-01
     8.96000    8.8479725336E-01
     8.96500    8.9237669521E-01
     8.97000    8.8933177372E-01
     8.97500    8.9012156319E-01
     8.98000    8.8715152688E-01
     8.98500    8.9600277604E-01
     8.99000    8.9376378551E-01
     8.99500    8.9888624106E-01
     9.00000    8.9365967793E-01
     9.00500    8.9762002646E-01
     9.01000    9.0176980692E-01
     9.01500    9.0650548792E-01
     9.02000    9.0303234856E-01
     9.02500    8.9965439946E-01
     9.03000    9.0378135723E-01
     9.03500    9.0506528863E-01
     9.04000    9.0112420710E-01
     9.04500    8.9778300015E-01
     9.05000    8.9887062971E-01
     9.05500    9.0076438557E-01
     9.06000    9.0997074872E-01
     9.06500    9.1287246684E-01
     9.07000    9.0964293891E-01
     9.07500    9.0522258949E-01
     9.08000    9.0924912421E-01
     9.08500    9.1344002781E-01
     9.09000    9.1384556630E-01
     9.09500    9.1275408858E-01
     9.10000    9.1831135692E-01
     9.10500    9.0592678730E-01
     9.11000    9.0825931341E-01
     9.11500    9.1542007743E-01
     9.12000    9.1239003947E-01
     9.12500    9.1382334741E-01
     9.13000    9.1890950598E-01
     9.13500    9.1210249898E-01
     9.14000    9.1850896308E-01
     9.14500    9.2693753063E-01
     9.15000    9.2181278589E-01
     9.15500    9.2429273823E-01
     9.16000    9.2309136995E-01
     9.16500    9.2251107883E-01
     9.17000    9.2696343912E-01
     9.17500    9.3342890508E-01
     9.18000    9.3109302833E-01
     9.18500    9.2980303996E-01
     9.19000    9.3267619729E-01
     9.19500    9.3520325998E-01
     9.20000    9.2476034769E-01
     9.20500    9.3065384033E-01
     9.21000    9.2966449540E-01
     9.21500    9.3454643242E-01
     9.22000    9.3424992094E-01
     9.22500    9.3989473657E-01
     9.23000    9.4123351490E-01
     9.23500    9.4509155334E-01
     9.24000    9.3705478109E-01
     9.24500    9.4340417140E-01
     9.25000    9.4485689964E-01
     9.25500    9.4013105529E-01
     9.26000    9.4141580701E-01
     9.26500    9.5052972440E-01
     9.27000    9.4216017850E-01
     9.27500    9.4570868402E-01
     9.28000    9.4468960146E-01
     9.28500    9.4209161419E-01
     9.29000    9.5723995725E-01
     9.29500    9.5394814665E-01
     9.30000    9.5565871303E-01
     9.30500    9.5562563028E-01
     9.31000    9.4922103954E-01
     9.31500    9.6361657454E-01
     9.32000    9.5191136937E-01
     9.32500    9.5631325593E-01
     9.33000    9.5526767204E-01
     9.33500    9.6134254916E-01
     9.34000    9.5653162357E-01
     9.34500    9.5552857826E-01
     9.35000    9.6184866575E-01
     9.35500    9.7827506481E-01
     9.36000    9.6640407796E-01
     9.36500    9.5944372323E-01
     9.37000    9.7808521361E-01
     9.37500    9.7534878600E-01
     9.38000    9.7455349850E-01
     9.38500    9.6850756110E-01
     9.39000    9.7680948855E-01
     9.39500    9.7774008482E-01
     9.40000    9.7812029518E-01
     9.40500    9.7886399094E-01
     9.41000    9.8227825416E-01
     9.41500    9.8356095832E-01
     9.42000    9.7906182533E-01
     9.42500    9.8316977907E-01
     9.43000    9.9682521699E-01
     9.43500    9.8656446936E-01
     9.44000    9.9250074580E-01
     9.44500    9.9446461082E-01
     9.45000    9.8154697263E-01
     9.45500    9.9312369893E-01
     9.46000    9.9501891377E-01
     9.46500    9.9190630931E-01
     9.47000    9.9297803198E-01
     9.47500    9.9844051735E-01
     9.48000    9.9812545055E-01
     9.48500    9.9938486086E-01
     9.49000    9.9305622558E-01
     9.49500    1.0062293734E+00
     9.50000    1.0000050744E+00
     9.50500    1.0019694174E+00
     9.51000    1.0093806873E+00
     9.51500    1.0045176407E+00
     9.52000    1.0075178682E+00
     9.52500    1.0077841363E+00
     9.53000    9.9956070388E-01
     9.53500    1.0028705603E+00
     9.54000    1.0099749366E+00
     9.54500    1.0093694317E+00
     9.55000    1.0079979679E+00
     9.55500    1.0077874464E+00
     9.56000    1.0123437846E+00
     9.56500    1.0126571671E+00
     9.57000    1.0215437078E+00
     9.57500    1.0196163692E+00
     9.58000    1.0105425704E+00
     9.58500    1.0167868617E+00
     9.59000    1.0147908641E+00
     9.59500    1.0158169866E+00
     9.60000    1.0143892183E+00
     9.60500    1.0195324736E+00
     9.61000    1.0139093909E+00
     9.61500    1.0242775481E+00
     9.62000    1.0151535761E+00
     9.62500    1.0233883264E+00
     9.63000    1.0176857135E+00
     9.63500    1.0330261018E+00
     9.64000    1.0251055413E+00
     9.64500    1.0283983653E+00
     9.65000    1.0353611107E+00
     9.65500    1.0305191010E+00
     9.66000    1.0382134438E+00
     9.66500    1.0289053914E+00
     9.67000    1.0384441992E+00
     9.67500    1.0253424952E+00
     9.68000    1.0380403727E+00
     9.68500    1.0454169247E+00
     9.69000    1.0309530304E+00
     9.69500    1.0419638046E+00
     9.70000    1.0460725313E+00
     9.70500    1.0398361212E+00
     9.71000    1.0388412917E+00
     9.71500    1.0342387138E+00
     9.72000    1.0449401025E+00
     9.72500    1.0505005539E+00
     9.73000    1.0479248413E+00
     9.73500    1.0475672759E+00
     9.74000    1.0367211625E+00
     9.74500    1.0455122655E+00
     9.75000    1.0521913460E+00
     9.75500    1.0557663375E+00
     9.76000    1.0597851600E+00
     9.76500    1.0478511488E+00
     9.77000    1.0540475345E+00
     9.77500    1.0456702296E+00
     9.78000    1.0451633662E+00
     9.78500    1.0444322907E+00
     9.79000    1.0494636162E+00
     9.79500    1.0514755299E+00
     9.80000    1.0504399314E+00
     9.80500    1.0539748570E+00
     9.81000    1.0558998668E+00
     9.81500    1.0617659006E+00
     9.82000    1.0573381364E+00
     9.82500    1.0606451804E+00
     9.83000    1.0580818684E+00
     9.83500    1.0599531299E+00
     9.84000    1.0663935795E+00
     9.84500    1.0612779327E+00
     9.85000    1.0597570029E+00
     9.85500    1.0585155133E+00
     9.86000    1.0618678777E+00
     9.86500    1.0670735836E+00
     9.87000    1.0623116693E+00
     9.87500    1.0682039370E+00
     9.88000    1.0594087513E+00
     9.88500    1.0658230444E+00
     9.89000    1.0619592750E+00
     9.89500    1.0618199093E+00
     9.90000    1.0621375965E+00
     9.90500    1.0634957224E+00
     9.91000    1.0647410327E+00
     9.91500    1.0610410053E+00
     9.92000    1.0658014325E+00
     9.92500    1.0737732115E+00
     9.93000    1.0721464047E+00
     9.93500    1.0736283454E+00
     9.94000    1.0741087554E+00
     9.94500    1.0827086964E+00
     9.95000    1.0668254093E+00
     9.95500    1.0643607613E+00
     9.96000    1.0729068286E+00
     9.96500    1.0651499467E+00
     9.97000    1.0655786216E+00
     9.97500    1.0722763124E+00
     9.98000    1.0677458167E+00
     9.98500    1.0695716237E+00
     9.99000    1.0722195999E+00
     9.99500    1.0713980931E+00
    10.00000    1.0722271077E+00
    10.00500    1.0726957196E+00
    10.01000    1.0781727902E+00
    10.01500    1.0664428858E+00
    10.02000    1.0702892200E+00
    10.02500    1.0751976954E+00
    10.03000    1.0756227034E+00
    10.03500    1.0806218415E+00
    10.04000    1.0780337309E+00
    10.04500    1.0814558578E+00
    10.05000    1.0756759190E+00
    10.05500    1.0741096094E+00
    10.06000    1.0751145783E+00
    10.06500    1.0729668565E+00
    10.07000    1.0773644597E+00
    10.07500    1.0795803262E+00
    10.08000    1.0793739142E+00
    10.08500    1.0779334622E+00
    10.09000    1.0841380469E+00
    10.09500    1.0772058118E+00
    10.10000    1.0799530622E+00
    10.10500    1.0871539983E+00
    10.11000    1.0777645643E+00
    10.11500    1.0773298802E+00
    10.12000    1.0799415131E+00
    10.12500    1.0774058814E+00
    10.13000    1.0746476050E+00
    10.13500    1.0801673793E+00
    10.14000    1.0731039170E+00
    10.14500    1.0831075112E+00
    10.15000    1.0804393983E+00
    10.15500    1.0831828017E+00
    10.16000    1.0844961005E+00
    10.16500    1.0807224570E+00
    10.17000    1.0831439153E+00
    10.17500    1.0766072688E+00
    10.18000    1.0795286661E+00
    10.18500    1.0784341803E+00
    10.19000    1.0899454407E+00
    10.19500    1.0816662692E+00
    10.20000    1.0829321415E+00
    10.20500    1.0827145075E+00
    10.21000    1.0817056574E+00
    10.21500    1.0807154449E+00
    10.22000    1.0889440821E+00
    10.22500    1.0838321988E+00
    10.23000    1.0847085515E+00
    10.23500    1.0795241811E+00
    10.24000    1.0815304419E+00
    10.24500    1.0926364366E+00
    10.25000    1.0876115275E+00
    10.25500    1.0777373097E+00
    10.26000    1.0713902224E+00
    10.26500    1.0829542159E+00
    10.27000    1.0725678823E+00
    10.27500    1.0762618210E+00
    10.28000    1.0875313508E+00
    10.28500    1.0787455079E+00
    10.29000    1.0793564885E+00
    10.29500    1.0801856737E+00
    10.30000    1.0955965851E+00
    10.30500    1.0811455050E+00
    10.31000    1.0906888633E+00
    10.31500    1.0863457545E+00
    10.32000    1.0824818900E+00
    10.32500    1.0830479377E+00
    10.33000    1.0757999295E+00
    10.33500    1.0752793270E+00
    10.34000    1.0865307040E+00
    10.34500    1.0866698201E+00
    10.35000    1.0794610168E+00
    10.35500    1.0818628679E+00
    10.36000    1.0731849676E+00
    10.36500    1.0733010240E+00
    10.37000    1.0871203961E+00
    10.37500    1.0818587250E+00
    10.38000    1.0722970657E+00
    10.38500    1.0818204078E+00
    10.39000    1.0752323087E+00
    10.39500    1.0755252516E+00
    10.40000    1.0761817951E+00
    10.40500    1.0754786939E+00
    10.41000    1.0789619967E+00
    10.41500    1.0797440846E+00
    10.42000    1.0732093893E+00
    10.42500    1.0747533221E+00
    10.43000    1.0769694921E+00
    10.43500    1.0784729481E+00
    10.44000    1.0722914815E+00
    10.44500    1.0750937545E+00
    10.45000    1.0763305356E+00
    10.45500    1.0748746069E+00
    10.46000    1.0759771633E+00
    10.46500    1.0723788751E+00
    10.47000    1.0738568835E+00
    10.47500    1.0764753074E+00
    10.48000    1.0756929868E+00
    10.48500    1.0731667350E+00
    10.49000    1.0767218177E+00
    10.49500    1.0726033031E+00
    10.50000    1.0733705102E+00
    10.50500    1.0697656667E+00
    10.51000    1.0660698152E+00
    10.51500    1.0696447606E+00
    10.52000    1.0722080627E+00
    10.52500    1.0608153672E+00
    10.53000    1.0634620651E+00
    10.53500    1.0719830704E+00
    10.54000    1.0723216006E+00
    10.54500    1.0742390306E+00
    10.55000    1.0676154150E+00
    10.55500    1.0615188166E+00
    10.56000    1.0648865110E+00
    10.56500    1.0597667788E+00
    10.57000    1.0586999753E+00
    10.57500    1.0665321016E+00
    10.58000    1.0658443608E+00
    10.58500    1.0650454359E+00
    10.59000    1.0637040228E+00
    10.59500    1.0681141715E+00
    10.60000    1.0624474293E+00
    10.60500    1.0698941816E+00
    10.61000    1.0638373491E+00
    10.61500    1.0620873440E+00
    10.62000    1.0636305777E+00
    10.62500    1.0568806774E+00
    10.63000    1.0558547024E+00
    10.63500    1.0549252949E+00
    10.64000    1.0651140453E+00
    10.64500    1.0617561200E+00
    10.65000    1.0595578889E+00
    10.65500    1.0541260709E+00
    10.66000    1.0599369361E+00
    10.66500    1.0567206713E+00
    10.67000    1.0513368748E+00
    10.67500    1.0568809251E+00
    10.68000    1.0596006852E+00
    10.68500    1.0572899730E+00
    10.69000    1.0565519381E+00
    10.69500    1.0514732580E+00
    10.70000    1.0522287068E+00
    10.70500    1.0503696976E+00
    10.71000    1.0560159232E+00
    10.71500    1.0492996534E+00
    10.72000    1.0529853716E+00
    10.72500    1.0519100515E+00
    10.73000    1.0525802757E+00
    10.73500    1.0485661676E+00
    10.74000    1.0542575451E+00
    10.74500    1.0440838376E+00
    10.75000    1.0521724841E+00
    10.75500    1.0418792264E+00
    10.76000    1.0489319997E+00
    10.76500    1.0421407788E+00
    10.77000    1.0408022035E+00
    10.77500    1.0396046381E+00
    10.78000    1.0490999374E+00
    10.78500    1.0457227765E+00
    10.79000    1.0392254946E+00
    10.79500    1.0416627569E+00
    10.80000    1.0415589834E+00
    10.80500    1.0421152610E+00
    10.81000    1.0419796856E+00
    10.81500    1.0445109081E+00
    10.82000    1.0379255459E+00
    10.82500    1.0409904216E+00
    10.83000    1.0396929393E+00
    10.83500    1.0406422453E+00
    10.84000    1.0391329945E+00
    10.84500    1.0328245886E+00
    10.85000    1.0361824255E+00
    10.85500    1.0269814557E+00
    10.86000    1.0357490835E+00
    10.86500    1.0354640117E+00
    10.87000    1.0323265406E+00
    10.87500    1.0327112530E+00
    10.88000    1.0297023623E+00
    10.88500    1.0353686244E+00
    10.89000    1.0295652833E+00
    10.89500    1.0350089591E+00
    10.90000    1.0276162488E+00
    10.90500    1.0225582936E+00
    10.91000    1.0251906529E+00
    10.91500    1.0225058455E+00
    10.92000    1.0206674367E+00
    10.92500    1.0214304897E+00
    10.93000    1.0291097762E+00
    10.93500    1.0250951146E+00
    10.94000    1.0261053954E+00
    10.94500    1.0296276091E+00
    10.95000    1.0203591292E+00
    10.95500    1.0217431411E+00
    10.96000    1.0184229622E+00
    10.96500    1.0188361544E+00
    10.97000    1.0190098121E+00
    10.97500    1.0175008614E+00
    10.98000    1.0194441320E+00
    10.98500    1.0235079512E+00
    10.99000    1.0104349182E+00
    10.99500    1.0227291720E+00
    11.00000    1.0113836277E+00
    11.00500    1.0064382607E+00
    11.01000    1.0120314376E+00
    11.01500    1.0157227328E+00
    11.02000    1.0200859850E+00
    11.02500    1.0129956258E+00
    11.03000    1.0135507952E+00
    11.03500    1.0092020016E+00
    11.04000    1.0131565515E+00
    11.04500    1.0087857651E+00
    11.05000    1.0119398596E+00
    11.05500    1.0162760330E+00
    11.06000    1.0055670513E+00
    11.06500    1.0115549355E+00
    11.07000    1.0052721743E+00
    11.07500    1.0060599546E+00
    11.08000    1.0050205315E+00
    11.08500    1.0131595592E+00
    11.09000    1.0053512266E+00
    11.09500    1.0030761270E+00
    11.10000    1.0064502686E+00
    11.10500    1.0006012882E+00
    11.11000    1.0088363786E+00
    11.11500    1.0031400699E+00
    11.12000    1.0045141645E+00
    11.12500    9.9817933646E-01
    11.13000    9.9427231616E-01
    11.13500    9.9898949823E-01
    11.14000    9.9952289925E-01
    11.14500    9.9474356062E-01
    11.15000    9.9724015010E-01
    11.15500    1.0017776897E+00
    11.16000    9.9843300560E-01
    11.16500    9.9782638155E-01
    11.17000    9.8956200648E-01
    11.17500    9.9894081205E-01
    11.18000    9.9034519397E-01
    11.18500    9.9301361834E-01
    11.19000    9.9559097444E-01
    11.19500    9.9760545684E-01
    11.20000    9.8848274093E-01
    11.20500    9.8982807033E-01
    11.21000    9.9520793177E-01
    11.21500    9.8951712975E-01
    11.22000    9.9843283945E-01
    11.22500    9.8246162566E-01
    11.23000    9.8566658760E-01
    11.23500    9.8764401964E-01
    11.24000    9.8729036651E-01
    11.24500    9.9199831223E-01
    11.25000    9.8601717980E-01
    11.25500    9.8732056260E-01
    11.26000    9.8563775950E-01
    11.26500    9.8370326577E-01
    11.27000    9.8498995413E-01
    11.27500    9.7887036076E-01
    11.28000    9.7452243259E-01
    11.28500    9.9231107632E-01
    11.29000    9.8650951517E-01
    11.29500    9.8313481797E-01
    11.30000    9.8305101461E-01
    11.30500    9.8253212667E-01
    11.31000    9.7642180546E-01
    11.31500    9.7487273511E-01
    11.32000    9.7384365779E-01
    11.32500    9.7791793071E-01
    11.33000    9.7819997971E-01
    11.33500    9.8882046145E-01
    11.34000    9.7890085335E-01
    11.34500    9.7359478412E-01
    11.35000    9.8057188068E-01
    11.35500    9.8358755567E-01
    11.36000    9.7298355099E-01
    11.36500    9.7234950190E-01
    11.37000    9.7647270854E-01
    11.37500    9.7206733852E-01
    11.38000    9.6938586936E-01
    11.38500    9.7286347323E-01
    11.39000    9.7055836857E-01
    11.39500    9.6425302062E-01
    11.40000    9.7881563005E-01
    11.40500    9.6964661217E-01
    11.41000    9.7167478645E-01
    11.41500    9.6661353500E-01
    11.42000    9.7023462996E-01
    11.42500    9.7178888962E-01
    11.43000    9.6464021048E-01
    11.43500    9.6755320790E-01
    11.44000    9.6565268535E-01
    11.44500    9.6898324438E-01
    11.45000    9.6720712178E-01
    11.45500    9.6619882039E-01
    11.46000    9.6270753897E-01
    11.46500    9.6740507165E-01
    11.47000    9.6055232118E-01
    11.47500    9.6505220889E-01
    11.48000    9.6376267672E-01
    11.48500    9.6561454901E-01
    11.49000    9.6812821289E-01
    11.49500    9.6776085425E-01
    11.50000    9.6243242706E-01
    11.50500    9.5951014863E-01
    11.51000    9.6061159691E-01
    11.51500    9.6330616274E-01
    11.52000    9.7029140411E-01
    11.52500    9.6809982084E-01
    11.53000    9.6302585982E-01
    11.53500    9.6202930591E-01
    11.54000    9.5933793729E-01
    11.54500    9.6660393421E-01
    11.55000    9.6239399887E-01
    11.55500    9.5409581062E-01
    11.56000    9.6557220371E-01
    11.56500    9.5916139846E-01
    11.57000    9.6248391502E-01
    11.57500    9.5441357614E-01
    11.58000    9.6063478860E-01
    11.58500    9.5653303275E-01
    11.59000    9.6089924898E-01
    11.59500    9.6441751640E-01
    11.60000    9.5969585923E-01
    11.60500    9.6314183106E-01
    11.61000    9.6332304186E-01
    11.61500    9.5418839999E-01
    11.62000    9.6035093412E-01
    11.62500    9.5787989581E-01
    11.63000    9.5525370185E-01
    11.63500    9.5194304438E-01
    11.64000    9.5471093056E-01
    11.64500    9.5336228328E-01
    11.65000    9.5266282471E-01
    11.65500    9.5869486220E-01
    11.66000    9.5621121439E-01
    11.66500    9.4985810347E-01
    11.67000    9.5708703075E-01
    11.67500    9.6113355526E-01
    11.68000    9.5264952247E-01
    11.68500    9.4844679626E-01
    11.69000    9.5444392568E-01
    11.69500    9.5539728560E-01
    11.70000    9.6076201987E-01
    11.70500    9.4968271241E-01
    11.71000    9.5787944889E-01
    11.71500    9.5055668169E-01
    11.72000    9.4594768814E-01
    11.72500    9.5394304713E-01
    11.73000    9.5547503206E-01
    11.73500    9.4363459018E-01
    11.74000    9.4666784697E-01
    11.74500    9.4256089077E-01
    11.75000    9.5412020335E-01
    11.75500    9.5813475333E-01
    11.76000    9.4864797847E-01
    11.76500    9.4459078015E-01
    11.77000    9.5276905743E-01
    11.77500    9.5195991177E-01
    11.78000    9.5281830802E-01
    11.78500    9.5310696441E-01
    11.79000    9.4861008125E-01
    11.79500    9.5338540684E-01
    11.80000    9.5288645146E-01
    11.80500    9.4752539823E-01
    11.81000    9.4658170611E-01
    11.81500    9.4935068293E-01
    11.82000    9.5415482626E-01
    11.82500    9.4936074312E-01
    11.83000    9.5234991143E-01
    11.83500    9.5388741634E-01
    11.84000    9.5015330111E-01
    11.84500    9.5419373081E-01
    11.85000    9.5212462182E-01
    11.85500    9.5128321289E-01
    11.86000    9.4830173045E-01
    11.86500    9.5057143495E-01
    11.87000    9.5216263336E-01
    11.87500    9.5105570554E-01
    11.88000    9.5209695494E-01
    11.88500    9.4628276448E-01
    11.89000    9.4496699075E-01
    11.89500    9.4542690262E-01
    11.90000    9.4274617436E-01
    11.90500    9.5037836767E-01
    11.91000    9.5118544665E-01
    11.91500    9.5245805531E-01
    11.92000    9.4550193964E-01
    11.92500    9.4319630105E-01
    11.93000    9.4755737739E-01
    11.93500    9.5427684212E-01
    11.94000    9.5301235093E-01
    11.94500    9.5169938565E-01
    11.95000    9.5405395617E-01
    11.95500    9.4858985895E-01
    11.96000    9.4723275289E-01
    11.96500    9.5028540144E-01
    11.97000    9.5046742858E-01
    11.97500    9.5401166979E-01
    11.98000    9.5080459605E-01
    11.98500    9.5300657341E-01
    11.99000    9.5181269787E-01
    11.99500    9.5277599888E-01
    12.00000    4.8223431043E-01
